k used is 58
0 : [  40.   52.    2.  102.  103.    0.    0.] -> lente
1 : [  25.   48.  -18.  105.   72.    6.    1.] -> winter
2 : [  23.  121.   56.  150.   25.   18.   18.] -> lente
3 : [  27.  229.  146.  308.  130.    0.    0.] -> zomer
4 : [  41.   65.   27.  123.   95.    0.    0.] -> lente
5 : [  46.  162.  100.  225.  127.    0.    0.] -> zomer
6 : [ 23. -27. -41. -16.   0.   0.  -1.] -> winter
7 : [  28.  -78. -106.  -39.   67.    0.    0.] -> winter
8 : [  38.  166.  131.  219.   58.   16.   41.] -> zomer
